l = 9.81
q = 0.5
F_D = 1.2
Omega_D = 0.66666666667
theta_0 = 0.1000000001
omega_0 = 0.0
start_t = 0.0
end_t = 150.0
delta_t = 0.005
